0.00 |	0.00 |	50.00 |	50.00 |	20.00 |	20.00
9.16 |	15.27 |	40.84 |	34.73 |	21.33 |	18.89
24.43 |	27.49 |	25.57 |	22.51 |	19.31 |	17.48
30.54 |	27.49 |	19.46 |	22.51 |	19.42 |	19.73
30.54 |	30.54 |	19.46 |	19.46 |	21.37 |	20.76
30.54 |	36.65 |	19.46 |	13.35 |	23.31 |	20.26
39.71 |	36.65 |	10.29 |	13.35 |	21.59 |	21.59
36.65 |	36.65 |	13.35 |	13.35 |	23.85 |	22.93
39.71 |	42.76 |	10.29 |	7.24 |	23.96 |	21.82
39.71 |	45.81 |	10.29 |	4.19 |	24.99 |	21.32
42.76 |	42.76 |	7.24 |	7.24 |	24.80 |	22.96
45.81 |	42.76 |	4.19 |	7.24 |	24.30 |	23.69
45.81 |	42.76 |	4.19 |	7.24 |	24.72 |	24.41
42.76 |	48.87 |	7.24 |	1.13 |	26.36 |	22.69
48.87 |	48.87 |	1.13 |	1.13 |	24.64 |	22.80
45.81 |	48.87 |	4.19 |	1.13 |	25.97 |	22.92
48.87 |	45.81 |	1.13 |	4.19 |	25.17 |	24.25
48.87 |	48.87 |	1.13 |	1.13 |	25.28 |	23.45
48.87 |	48.87 |	1.13 |	1.13 |	25.40 |	23.56
48.87 |	48.87 |	1.13 |	1.13 |	25.51 |	23.68
48.87 |	48.87 |	1.13 |	1.13 |	25.62 |	23.79
48.87 |	51.92 |	1.13 |	-1.92 |	25.73 |	22.68
48.87 |	45.81 |	1.13 |	4.19 |	25.85 |	24.93
48.87 |	48.87 |	1.13 |	1.13 |	25.96 |	24.13
51.92 |	51.92 |	-1.92 |	-1.92 |	24.85 |	23.02
45.81 |	51.92 |	4.19 |	-1.92 |	27.10 |	22.83
51.92 |	48.87 |	-1.92 |	1.13 |	25.08 |	23.86
51.92 |	48.87 |	-1.92 |	1.13 |	24.89 |	23.97
48.87 |	48.87 |	1.13 |	1.13 |	25.92 |	24.08
48.87 |	48.87 |	1.13 |	1.13 |	26.03 |	24.20
51.92 |	54.98 |	-1.92 |	-4.98 |	24.92 |	21.87
48.87 |	48.87 |	1.13 |	1.13 |	25.95 |	23.81
48.87 |	48.87 |	1.13 |	1.13 |	26.06 |	23.92
48.87 |	48.87 |	1.13 |	1.13 |	26.18 |	24.04
54.98 |	51.92 |	-4.98 |	-1.92 |	23.84 |	22.93
48.87 |	48.87 |	1.13 |	1.13 |	25.79 |	23.96
45.81 |	48.87 |	4.19 |	1.13 |	27.13 |	24.07
51.92 |	51.92 |	-1.92 |	-1.92 |	25.10 |	22.96
51.92 |	51.92 |	-1.92 |	-1.92 |	24.91 |	22.77
51.92 |	45.81 |	-1.92 |	4.19 |	24.72 |	25.02
48.87 |	51.92 |	1.13 |	-1.92 |	25.74 |	23.00
48.87 |	51.92 |	1.13 |	-1.92 |	25.86 |	22.80
48.87 |	45.81 |	1.13 |	4.19 |	25.97 |	25.05
48.87 |	51.92 |	1.13 |	-1.92 |	26.08 |	23.03
51.92 |	51.92 |	-1.92 |	-1.92 |	24.98 |	22.84
51.92 |	51.92 |	-1.92 |	-1.92 |	24.78 |	22.65
48.87 |	45.81 |	1.13 |	4.19 |	25.81 |	24.90
48.87 |	51.92 |	1.13 |	-1.92 |	25.93 |	22.87
48.87 |	48.87 |	1.13 |	1.13 |	26.04 |	23.90
51.92 |	48.87 |	-1.92 |	1.13 |	24.93 |	24.01
51.92 |	51.92 |	-1.92 |	-1.92 |	24.74 |	22.90
48.87 |	48.87 |	1.13 |	1.13 |	25.77 |	23.93
51.92 |	48.87 |	-1.92 |	1.13 |	24.66 |	24.05
48.87 |	51.92 |	1.13 |	-1.92 |	25.69 |	22.94
48.87 |	51.92 |	1.13 |	-1.92 |	25.80 |	22.75
51.92 |	45.81 |	-1.92 |	4.19 |	24.69 |	25.00
48.87 |	51.92 |	1.13 |	-1.92 |	25.72 |	22.97
51.92 |	48.87 |	-1.92 |	1.13 |	24.61 |	24.00
48.87 |	51.92 |	1.13 |	-1.92 |	25.64 |	22.89
48.87 |	48.87 |	1.13 |	1.13 |	25.76 |	23.92
51.92 |	51.92 |	-1.92 |	-1.92 |	24.65 |	22.81
48.87 |	48.87 |	1.13 |	1.13 |	25.68 |	23.84
51.92 |	48.87 |	-1.92 |	1.13 |	24.57 |	23.96
48.87 |	51.92 |	1.13 |	-1.92 |	25.60 |	22.85
51.92 |	45.81 |	-1.92 |	4.19 |	24.49 |	25.10
48.87 |	51.92 |	1.13 |	-1.92 |	25.52 |	23.07
48.87 |	54.98 |	1.13 |	-4.98 |	25.63 |	21.66
51.92 |	45.81 |	-1.92 |	4.19 |	24.52 |	24.83
51.92 |	51.92 |	-1.92 |	-1.92 |	24.33 |	22.80
48.87 |	48.87 |	1.13 |	1.13 |	25.36 |	23.83
48.87 |	48.87 |	1.13 |	1.13 |	25.47 |	23.94
48.87 |	48.87 |	1.13 |	1.13 |	25.59 |	24.06
51.92 |	51.92 |	-1.92 |	-1.92 |	24.48 |	22.95
51.92 |	51.92 |	-1.92 |	-1.92 |	24.28 |	22.76
48.87 |	45.81 |	1.13 |	4.19 |	25.31 |	25.01
51.92 |	51.92 |	-1.92 |	-1.92 |	24.20 |	22.98
48.87 |	51.92 |	1.13 |	-1.92 |	25.23 |	22.79
51.92 |	48.87 |	-1.92 |	1.13 |	24.13 |	23.82
48.87 |	48.87 |	1.13 |	1.13 |	25.15 |	23.93
51.92 |	48.87 |	-1.92 |	1.13 |	24.05 |	24.05
51.92 |	51.92 |	-1.92 |	-1.92 |	23.85 |	22.94
45.81 |	48.87 |	4.19 |	1.13 |	26.10 |	23.97
48.87 |	51.92 |	1.13 |	-1.92 |	25.30 |	22.86
51.92 |	48.87 |	-1.92 |	1.13 |	24.19 |	23.89
51.92 |	48.87 |	-1.92 |	1.13 |	24.00 |	24.00
48.87 |	51.92 |	1.13 |	-1.92 |	25.03 |	22.89
48.87 |	51.92 |	1.13 |	-1.92 |	25.14 |	22.70
51.92 |	45.81 |	-1.92 |	4.19 |	24.03 |	24.95
48.87 |	51.92 |	1.13 |	-1.92 |	25.06 |	22.93
48.87 |	48.87 |	1.13 |	1.13 |	25.18 |	23.96
51.92 |	51.92 |	-1.92 |	-1.92 |	24.07 |	22.85
51.92 |	48.87 |	-1.92 |	1.13 |	23.88 |	23.88
42.76 |	48.87 |	7.24 |	1.13 |	27.35 |	23.99
27.49 |	48.87 |	22.51 |	1.13 |	34.18 |	24.10
24.43 |	51.92 |	25.57 |	-1.92 |	37.65 |	22.99
3.05 |	51.92 |	46.95 |	-1.92 |	48.76 |	22.80
6.11 |	48.87 |	43.89 |	1.13 |	52.24 |	23.83
12.22 |	45.81 |	37.78 |	4.19 |	54.18 |	25.17
85.52 |	51.92 |	-35.52 |	-1.92 |	28.64 |	23.14
88.58 |	51.92 |	-38.58 |	-1.92 |	23.86 |	22.95
61.09 |	51.92 |	-11.09 |	-1.92 |	31.00 |	22.76
61.09 |	48.87 |	-11.09 |	1.13 |	29.89 |	23.79
64.14 |	48.87 |	-14.14 |	1.13 |	27.56 |	23.90
61.09 |	51.92 |	-11.09 |	-1.92 |	27.37 |	22.79
54.98 |	45.81 |	-4.98 |	4.19 |	28.71 |	25.04
58.03 |	54.98 |	-8.03 |	-4.98 |	26.99 |	21.79
54.98 |	48.87 |	-4.98 |	1.13 |	27.40 |	23.74
58.03 |	48.87 |	-8.03 |	1.13 |	25.69 |	23.85
54.98 |	51.92 |	-4.98 |	-1.92 |	26.10 |	22.74
51.92 |	48.87 |	-1.92 |	1.13 |	26.83 |	23.77
51.92 |	48.87 |	-1.92 |	1.13 |	26.64 |	23.89
54.98 |	51.92 |	-4.98 |	-1.92 |	25.22 |	22.78
51.92 |	48.87 |	-1.92 |	1.13 |	25.95 |	23.81
51.92 |	51.92 |	-1.92 |	-1.92 |	25.75 |	22.70
51.92 |	48.87 |	-1.92 |	1.13 |	25.56 |	23.73
51.92 |	51.92 |	-1.92 |	-1.92 |	25.37 |	22.62
48.87 |	48.87 |	1.13 |	1.13 |	26.40 |	23.65
51.92 |	48.87 |	-1.92 |	1.13 |	25.29 |	23.76
54.98 |	51.92 |	-4.98 |	-1.92 |	23.87 |	22.65
48.87 |	48.87 |	1.13 |	1.13 |	25.82 |	23.68
48.87 |	51.92 |	1.13 |	-1.92 |	25.93 |	22.57
51.92 |	51.92 |	-1.92 |	-1.92 |	24.82 |	22.38
48.87 |	45.81 |	1.13 |	4.19 |	25.85 |	24.63
51.92 |	51.92 |	-1.92 |	-1.92 |	24.75 |	22.61
48.87 |	51.92 |	1.13 |	-1.92 |	25.77 |	22.42
51.92 |	48.87 |	-1.92 |	1.13 |	24.67 |	23.44
48.87 |	48.87 |	1.13 |	1.13 |	25.70 |	23.56
51.92 |	51.92 |	-1.92 |	-1.92 |	24.59 |	22.45
48.87 |	48.87 |	1.13 |	1.13 |	25.62 |	23.48
51.92 |	51.92 |	-1.92 |	-1.92 |	24.51 |	22.37
51.92 |	48.87 |	-1.92 |	1.13 |	24.32 |	23.40
48.87 |	51.92 |	1.13 |	-1.92 |	25.34 |	22.29
48.87 |	48.87 |	1.13 |	1.13 |	25.46 |	23.32
51.92 |	51.92 |	-1.92 |	-1.92 |	24.35 |	22.21
51.92 |	48.87 |	-1.92 |	1.13 |	24.16 |	23.24
48.87 |	48.87 |	1.13 |	1.13 |	25.19 |	23.35
51.92 |	51.92 |	-1.92 |	-1.92 |	24.08 |	22.24
48.87 |	51.92 |	1.13 |	-1.92 |	25.11 |	22.05
51.92 |	48.87 |	-1.92 |	1.13 |	24.00 |	23.08
45.81 |	48.87 |	4.19 |	1.13 |	26.25 |	23.20
54.98 |	51.92 |	-4.98 |	-1.92 |	23.00 |	22.09
48.87 |	48.87 |	1.13 |	1.13 |	24.95 |	23.12
48.87 |	51.92 |	1.13 |	-1.92 |	25.06 |	22.01
48.87 |	48.87 |	1.13 |	1.13 |	25.17 |	23.04
51.92 |	48.87 |	-1.92 |	1.13 |	24.07 |	23.15
48.87 |	51.92 |	1.13 |	-1.92 |	25.10 |	22.04
51.92 |	48.87 |	-1.92 |	1.13 |	23.99 |	23.07
51.92 |	51.92 |	-1.92 |	-1.92 |	23.79 |	21.96
45.81 |	48.87 |	4.19 |	1.13 |	26.05 |	22.99
48.87 |	45.81 |	1.13 |	4.19 |	25.24 |	24.33
54.98 |	51.92 |	-4.98 |	-1.92 |	22.91 |	22.30
45.81 |	48.87 |	4.19 |	1.13 |	26.08 |	23.33
51.92 |	51.92 |	-1.92 |	-1.92 |	24.05 |	22.22
48.87 |	48.87 |	1.13 |	1.13 |	25.08 |	23.25
51.92 |	51.92 |	-1.92 |	-1.92 |	23.97 |	22.14
48.87 |	48.87 |	1.13 |	1.13 |	25.00 |	23.17
51.92 |	48.87 |	-1.92 |	1.13 |	23.90 |	23.28
48.87 |	51.92 |	1.13 |	-1.92 |	24.93 |	22.18
48.87 |	48.87 |	1.13 |	1.13 |	25.04 |	23.21
48.87 |	51.92 |	1.13 |	-1.92 |	25.15 |	22.10
51.92 |	48.87 |	-1.92 |	1.13 |	24.04 |	23.13
51.92 |	51.92 |	-1.92 |	-1.92 |	23.85 |	22.02
48.87 |	48.87 |	1.13 |	1.13 |	24.88 |	23.05
48.87 |	51.92 |	1.13 |	-1.92 |	24.99 |	21.94
48.87 |	48.87 |	1.13 |	1.13 |	25.11 |	22.97
51.92 |	48.87 |	-1.92 |	1.13 |	24.00 |	23.08
48.87 |	48.87 |	1.13 |	1.13 |	25.03 |	23.19
48.87 |	51.92 |	1.13 |	-1.92 |	25.14 |	22.09
51.92 |	48.87 |	-1.92 |	1.13 |	24.03 |	23.11
51.92 |	48.87 |	-1.92 |	1.13 |	23.84 |	23.23
45.81 |	51.92 |	4.19 |	-1.92 |	26.09 |	22.12
51.92 |	51.92 |	-1.92 |	-1.92 |	24.06 |	21.93
51.92 |	45.81 |	-1.92 |	4.19 |	23.87 |	24.18
48.87 |	51.92 |	1.13 |	-1.92 |	24.90 |	22.15
48.87 |	48.87 |	1.13 |	1.13 |	25.01 |	23.18
48.87 |	51.92 |	1.13 |	-1.92 |	25.13 |	22.07
51.92 |	48.87 |	-1.92 |	1.13 |	24.02 |	23.10
48.87 |	51.92 |	1.13 |	-1.92 |	25.05 |	21.99
51.92 |	45.81 |	-1.92 |	4.19 |	23.94 |	24.25
48.87 |	51.92 |	1.13 |	-1.92 |	24.97 |	22.22
48.87 |	48.87 |	1.13 |	1.13 |	25.08 |	23.25
48.87 |	51.92 |	1.13 |	-1.92 |	25.20 |	22.14
51.92 |	51.92 |	-1.92 |	-1.92 |	24.09 |	21.95
51.92 |	48.87 |	-1.92 |	1.13 |	23.89 |	22.98
48.87 |	45.81 |	1.13 |	4.19 |	24.92 |	24.31
48.87 |	51.92 |	1.13 |	-1.92 |	25.04 |	22.29
48.87 |	51.92 |	1.13 |	-1.92 |	25.15 |	22.10
51.92 |	48.87 |	-1.92 |	1.13 |	24.04 |	23.13
51.92 |	51.92 |	-1.92 |	-1.92 |	23.85 |	22.02
45.81 |	48.87 |	4.19 |	1.13 |	26.10 |	23.05
51.92 |	51.92 |	-1.92 |	-1.92 |	24.08 |	21.94
51.92 |	48.87 |	-1.92 |	1.13 |	23.88 |	22.97
48.87 |	48.87 |	1.13 |	1.13 |	24.91 |	23.08
48.87 |	48.87 |	1.13 |	1.13 |	25.03 |	23.19
48.87 |	54.98 |	1.13 |	-4.98 |	25.14 |	20.86
51.92 |	45.81 |	-1.92 |	4.19 |	24.03 |	24.03
51.92 |	51.92 |	-1.92 |	-1.92 |	23.84 |	22.00
48.87 |	48.87 |	1.13 |	1.13 |	24.87 |	23.03
48.87 |	51.92 |	1.13 |	-1.92 |	24.98 |	21.93
