0.00 |	0.00 |	50.00 |	50.00 |	500.00 |	500.00
229.07 |	226.02 |	-179.07 |	-176.02 |	-1790.74 |	-1760.20
51.92 |	48.87 |	-1.92 |	1.13 |	-19.24 |	11.31
-158.82 |	-122.17 |	208.82 |	172.17 |	2088.25 |	1721.73
167.99 |	198.53 |	-117.99 |	-148.53 |	-1179.88 |	-1485.31
21.38 |	24.43 |	28.62 |	25.57 |	286.20 |	255.65
73.30 |	42.76 |	-23.30 |	7.24 |	-233.04 |	72.39
-42.76 |	229.07 |	92.76 |	-179.07 |	927.61 |	-1790.74
33.60 |	-82.47 |	16.40 |	132.47 |	164.02 |	1324.67
287.11 |	79.41 |	-237.11 |	-29.41 |	-2371.07 |	-294.12
-21.38 |	18.33 |	71.38 |	31.67 |	713.80 |	316.74
54.98 |	64.14 |	-4.98 |	-14.14 |	-49.78 |	-141.41
122.17 |	21.38 |	-72.17 |	28.62 |	-721.73 |	286.20
-216.86 |	113.01 |	266.86 |	-63.01 |	2668.57 |	-630.10
-27.49 |	0.00 |	77.49 |	50.00 |	774.89 |	500.00
354.30 |	85.52 |	-304.30 |	-35.52 |	-3043.02 |	-355.21
76.36 |	6.11 |	-26.36 |	43.89 |	-263.58 |	438.91
-311.54 |	88.58 |	361.54 |	-38.58 |	3615.41 |	-385.75
-42.76 |	9.16 |	92.76 |	40.84 |	927.61 |	408.37
339.03 |	76.36 |	-289.03 |	-26.36 |	-2890.30 |	-263.58
64.14 |	21.38 |	-14.14 |	28.62 |	-141.41 |	286.20
-238.24 |	128.28 |	288.24 |	-78.28 |	2882.37 |	-782.82
45.81 |	30.54 |	4.19 |	19.46 |	41.85 |	194.57
216.86 |	58.03 |	-166.86 |	-8.03 |	-1668.57 |	-80.32
-158.82 |	88.58 |	208.82 |	-38.58 |	2088.25 |	-385.75
-18.33 |	-216.86 |	68.33 |	266.86 |	683.26 |	2668.57
357.36 |	9.16 |	-307.36 |	40.84 |	-3073.56 |	408.37
48.87 |	381.79 |	1.13 |	-331.79 |	11.31 |	-3317.91
-146.61 |	27.49 |	196.61 |	22.51 |	1966.08 |	225.11
195.48 |	-6.11 |	-145.48 |	56.11 |	-1454.77 |	561.09
6.11 |	329.87 |	43.89 |	-279.87 |	438.91 |	-2798.67
27.49 |	73.30 |	22.51 |	-23.30 |	225.11 |	-233.04
354.30 |	-342.08 |	-304.30 |	392.08 |	-3043.02 |	3920.85
70.25 |	-73.30 |	-20.25 |	123.30 |	-202.50 |	1233.04
-290.16 |	384.85 |	340.16 |	-334.85 |	3401.61 |	-3348.45
-21.38 |	128.28 |	71.38 |	-78.28 |	713.80 |	-782.82
372.63 |	-354.30 |	-322.63 |	404.30 |	-3226.28 |	4043.02
109.96 |	-116.06 |	-59.96 |	166.06 |	-599.56 |	1660.64
-332.92 |	339.03 |	382.92 |	-289.03 |	3829.22 |	-2890.30
-91.63 |	100.79 |	141.63 |	-50.79 |	1416.30 |	-507.93
354.30 |	-354.30 |	-304.30 |	404.30 |	-3043.02 |	4043.02
106.90 |	-116.06 |	-56.90 |	166.06 |	-569.01 |	1660.64
-335.98 |	335.98 |	385.98 |	-285.98 |	3859.76 |	-2859.76
-97.74 |	103.85 |	147.74 |	-53.85 |	1477.38 |	-538.47
345.14 |	-351.25 |	-295.14 |	401.25 |	-2951.39 |	4012.48
97.74 |	-109.96 |	-47.74 |	159.96 |	-477.38 |	1599.56
-342.08 |	342.08 |	392.08 |	-292.08 |	3920.85 |	-2920.85
-91.63 |	103.85 |	141.63 |	-53.85 |	1416.30 |	-538.47
339.03 |	-342.08 |	-289.03 |	392.08 |	-2890.30 |	3920.85
100.79 |	-106.90 |	-50.79 |	156.90 |	-507.93 |	1569.01
-335.98 |	345.14 |	385.98 |	-295.14 |	3859.76 |	-2951.39
-91.63 |	103.85 |	141.63 |	-53.85 |	1416.30 |	-538.47
348.19 |	-348.19 |	-298.19 |	398.19 |	-2981.93 |	3981.93
103.85 |	-113.01 |	-53.85 |	163.01 |	-538.47 |	1630.10
-323.76 |	326.81 |	373.76 |	-276.81 |	3737.59 |	-2768.13
-91.63 |	97.74 |	141.63 |	-47.74 |	1416.30 |	-477.38
345.14 |	-351.25 |	-295.14 |	401.25 |	-2951.39 |	4012.48
100.79 |	-109.96 |	-50.79 |	159.96 |	-507.93 |	1599.56
-342.08 |	342.08 |	392.08 |	-292.08 |	3920.85 |	-2920.85
-97.74 |	109.96 |	147.74 |	-59.96 |	1477.38 |	-599.56
332.92 |	-332.92 |	-282.92 |	382.92 |	-2829.22 |	3829.22
94.68 |	-103.85 |	-44.68 |	153.85 |	-446.84 |	1538.47
-339.03 |	345.14 |	389.03 |	-295.14 |	3890.30 |	-2951.39
-97.74 |	109.96 |	147.74 |	-59.96 |	1477.38 |	-599.56
345.14 |	-342.08 |	-295.14 |	392.08 |	-2951.39 |	3920.85
97.74 |	-106.90 |	-47.74 |	156.90 |	-477.38 |	1569.01
-332.92 |	332.92 |	382.92 |	-282.92 |	3829.22 |	-2829.22
-91.63 |	100.79 |	141.63 |	-50.79 |	1416.30 |	-507.93
345.14 |	-348.19 |	-295.14 |	398.19 |	-2951.39 |	3981.93
103.85 |	-113.01 |	-53.85 |	163.01 |	-538.47 |	1630.10
-329.87 |	335.98 |	379.87 |	-285.98 |	3798.67 |	-2859.76
-91.63 |	100.79 |	141.63 |	-50.79 |	1416.30 |	-507.93
348.19 |	-351.25 |	-298.19 |	401.25 |	-2981.93 |	4012.48
97.74 |	-113.01 |	-47.74 |	163.01 |	-477.38 |	1630.10
-339.03 |	335.98 |	389.03 |	-285.98 |	3890.30 |	-2859.76
-97.74 |	100.79 |	147.74 |	-50.79 |	1477.38 |	-507.93
339.03 |	-348.19 |	-289.03 |	398.19 |	-2890.30 |	3981.93
100.79 |	-113.01 |	-50.79 |	163.01 |	-507.93 |	1630.10
-335.98 |	335.98 |	385.98 |	-285.98 |	3859.76 |	-2859.76
-94.68 |	100.79 |	144.68 |	-50.79 |	1446.84 |	-507.93
345.14 |	-348.19 |	-295.14 |	398.19 |	-2951.39 |	3981.93
100.79 |	-113.01 |	-50.79 |	163.01 |	-507.93 |	1630.10
-332.92 |	335.98 |	382.92 |	-285.98 |	3829.22 |	-2859.76
-103.85 |	106.90 |	153.85 |	-56.90 |	1538.47 |	-569.01
332.92 |	-335.98 |	-282.92 |	385.98 |	-2829.22 |	3859.76
97.74 |	-106.90 |	-47.74 |	156.90 |	-477.38 |	1569.01
-332.92 |	339.03 |	382.92 |	-289.03 |	3829.22 |	-2890.30
-97.74 |	106.90 |	147.74 |	-56.90 |	1477.38 |	-569.01
339.03 |	-348.19 |	-289.03 |	398.19 |	-2890.30 |	3981.93
103.85 |	-113.01 |	-53.85 |	163.01 |	-538.47 |	1630.10
-329.87 |	332.92 |	379.87 |	-282.92 |	3798.67 |	-2829.22
-97.74 |	103.85 |	147.74 |	-53.85 |	1477.38 |	-538.47
339.03 |	-339.03 |	-289.03 |	389.03 |	-2890.30 |	3890.30
94.68 |	-109.96 |	-44.68 |	159.96 |	-446.84 |	1599.56
-335.98 |	342.08 |	385.98 |	-292.08 |	3859.76 |	-2920.85
-100.79 |	103.85 |	150.79 |	-53.85 |	1507.93 |	-538.47
335.98 |	-342.08 |	-285.98 |	392.08 |	-2859.76 |	3920.85
100.79 |	-109.96 |	-50.79 |	159.96 |	-507.93 |	1599.56
-332.92 |	335.98 |	382.92 |	-285.98 |	3829.22 |	-2859.76
